2 0.494389 0.626684 0.140535 0.631027
2 0.952462 0.589215 0.093668 0.591236
2 0.079450 0.573270 0.135834 0.529366
2 0.692850 0.601392 0.108484 0.378756
2 0.323414 0.470690 0.077997 0.339415
2 0.883485 0.612803 0.083753 0.334968
2 0.619161 0.378833 0.066196 0.226565
2 0.396424 0.523696 0.104657 0.433735
2 0.749710 0.375426 0.069470 0.243553
2 0.584569 0.285133 0.041573 0.163646
2 0.657181 0.371022 0.053908 0.244917
2 0.224592 0.356031 0.043785 0.205362
2 0.143917 0.455460 0.061987 0.345629
2 0.188995 0.348320 0.042278 0.226533
2 0.031844 0.462783 0.059631 0.280570