0 0.768226 0.545486 0.157243 0.239632
0 0.101072 0.601161 0.181724 0.366477
0 0.237255 0.587377 0.169709 0.333223
0 0.379021 0.564741 0.155030 0.317443
0 0.927809 0.534690 0.123009 0.213695
0 0.498477 0.569445 0.174294 0.261056
2 0.691477 0.460571 0.051633 0.191486
0 0.855040 0.543686 0.150928 0.222830
0 0.632112 0.546209 0.180373 0.264930
2 0.077391 0.536619 0.120104 0.432507
2 0.190876 0.466156 0.081000 0.224549
2 0.770249 0.427755 0.040098 0.073897
2 0.356328 0.501864 0.110772 0.277699
2 0.845549 0.420918 0.062416 0.099681
2 0.771200 0.434335 0.048156 0.087988
2 0.437227 0.428855 0.061941 0.123235
2 0.582144 0.438308 0.065358 0.165490
2 0.451954 0.496462 0.092437 0.260920