2 0.536053 0.777412 0.187324 0.444494
2 0.936246 0.776362 0.075473 0.208113
2 0.225785 0.766122 0.050386 0.199222
2 0.730883 0.772845 0.036394 0.146932
2 0.641444 0.770097 0.029933 0.123049
2 0.690532 0.773811 0.025635 0.120469
2 0.266489 0.779024 0.049500 0.167589
2 0.984210 0.754729 0.031077 0.278678
2 0.772637 0.771749 0.033896 0.150182
2 0.029123 0.683927 0.058191 0.163476
2 0.393366 0.742958 0.041723 0.138386
2 0.430993 0.705425 0.043269 0.075871
2 0.188192 0.752013 0.031954 0.098251
2 0.029903 0.756238 0.059806 0.311260