2 0.585020 0.537348 0.138158 0.724932
0 0.504131 0.677153 0.376890 0.502855
0 0.925119 0.583985 0.148545 0.431077
0 0.766457 0.561549 0.174035 0.369911
2 0.406147 0.351001 0.037584 0.147433
0 0.157269 0.802839 0.313219 0.360839
2 0.119877 0.365800 0.041254 0.183729
2 0.722564 0.331157 0.039612 0.132367
2 0.470576 0.348711 0.025668 0.140199
2 0.898122 0.292055 0.090373 0.194772
2 0.722102 0.350638 0.043398 0.173541
2 0.841090 0.390294 0.120021 0.289230
2 0.359934 0.368562 0.039173 0.174660
2 0.096232 0.365337 0.028207 0.179724
2 0.840155 0.338812 0.115842 0.186099
2 0.354440 0.353254 0.032765 0.146771
2 0.348784 0.352138 0.023403 0.148814
2 0.369067 0.349687 0.028716 0.131293
2 0.327885 0.349792 0.026080 0.155560