0 0.677225 0.629363 0.324227 0.731930
0 0.096494 0.680238 0.192353 0.608797
2 0.088138 0.305553 0.175795 0.279835
2 0.680333 0.423511 0.303668 0.758780
2 0.886151 0.380012 0.126593 0.536515
2 0.343269 0.525981 0.341302 0.938063
0 0.285044 0.699989 0.314222 0.599279
0 0.865631 0.523209 0.224262 0.493880
2 0.449296 0.516659 0.181441 0.937967
2 0.153163 0.304307 0.122304 0.287626
2 0.957526 0.224851 0.084173 0.237309
2 0.447589 0.304520 0.177343 0.516059
0 0.961386 0.484494 0.076750 0.394265
2 0.313835 0.271192 0.282201 0.431803
0 0.320591 0.692033 0.450859 0.614619
2 0.158033 0.255936 0.111108 0.189333
2 0.880137 0.242689 0.098701 0.257127
2 0.957341 0.373102 0.084579 0.531920