0 0.710212 0.662879 0.367745 0.586463
2 0.772703 0.504960 0.168189 0.601288
2 0.081089 0.457339 0.158522 0.484454
2 0.457483 0.365393 0.038165 0.181047
2 0.175226 0.434405 0.096436 0.425254
0 0.309561 0.482121 0.179859 0.202185
2 0.700410 0.315461 0.067328 0.175289
0 0.128622 0.544235 0.257244 0.338374
2 0.294782 0.414339 0.108617 0.302201
2 0.615060 0.333924 0.131920 0.171397
0 0.546171 0.525665 0.165882 0.320806
0 0.905055 0.481410 0.060522 0.145153
2 0.352151 0.406134 0.069010 0.295187
2 0.360122 0.347028 0.050754 0.176154