2 0.911221 0.460827 0.154479 0.687408
2 0.072785 0.525436 0.144513 0.773083
2 0.790970 0.421728 0.101478 0.564452
2 0.316941 0.505950 0.126285 0.740160
2 0.241238 0.492419 0.078464 0.685556
2 0.550955 0.497117 0.135374 0.717781
2 0.683371 0.392626 0.051722 0.415518
2 0.189654 0.500601 0.085370 0.692758
2 0.445593 0.473255 0.114240 0.703992
2 0.226357 0.507157 0.089375 0.710504
2 0.633736 0.416244 0.060883 0.568828
2 0.971631 0.330683 0.056138 0.343088
2 0.609171 0.470069 0.104377 0.678071
2 0.735698 0.346331 0.069071 0.428746
2 0.670785 0.396440 0.071633 0.447164
2 0.408259 0.263454 0.061230 0.256741