0 0.881746 0.592931 0.168002 0.430962
2 0.664686 0.437969 0.115708 0.583512
0 0.469985 0.596027 0.163339 0.457040
2 0.099960 0.478556 0.163391 0.558170
0 0.693687 0.613291 0.171063 0.503141
2 0.849206 0.353096 0.092862 0.215738
2 0.464963 0.483203 0.165951 0.588005
2 0.754395 0.352603 0.062236 0.183386
0 0.258065 0.587970 0.153106 0.445248
2 0.596150 0.440929 0.069005 0.455600
2 0.252342 0.465913 0.137290 0.593650
0 0.106496 0.536098 0.172850 0.455328
0 0.337101 0.579318 0.084428 0.372184
2 0.338516 0.331006 0.065512 0.182631
2 0.342580 0.492295 0.084955 0.509175
2 0.369916 0.325305 0.051610 0.179075
0 0.142535 0.559266 0.134283 0.452482
0 0.795172 0.574119 0.080164 0.363691
2 0.598648 0.323094 0.064414 0.220805