2 0.517209 0.366652 0.169011 0.518451
0 0.856526 0.641299 0.236888 0.638255
2 0.342469 0.164962 0.095718 0.290952
0 0.511669 0.531968 0.111327 0.376620
2 0.143850 0.242462 0.153750 0.322847
2 0.421036 0.206641 0.082672 0.274391
2 0.858040 0.445581 0.233039 0.696573
0 0.514916 0.511008 0.148898 0.420366
2 0.291952 0.383406 0.229821 0.596249
2 0.912620 0.479948 0.134085 0.624498
0 0.280013 0.675538 0.238488 0.634798
2 0.814033 0.241221 0.125161 0.303565
2 0.148402 0.461422 0.169306 0.750545
2 0.299802 0.311036 0.198584 0.442639
0 0.140288 0.598510 0.151354 0.521373
2 0.852227 0.424902 0.174855 0.467696
0 0.234212 0.666103 0.334507 0.648111