2 0.906511 0.582102 0.180754 0.623632
2 0.475158 0.574426 0.181048 0.566120
2 0.612701 0.500748 0.121889 0.386233
2 0.095549 0.571938 0.190080 0.481321
0 0.279383 0.667698 0.216251 0.449069
2 0.813010 0.485681 0.081574 0.449617
0 0.473086 0.683699 0.174376 0.415191
0 0.630666 0.674474 0.146063 0.432550
2 0.367404 0.413039 0.060214 0.207104
0 0.093182 0.674858 0.186076 0.451228
0 0.905855 0.664304 0.187103 0.473046
2 0.271155 0.484005 0.177142 0.342484
2 0.748381 0.428466 0.062333 0.256494
0 0.064521 0.676298 0.129041 0.444653
2 0.691266 0.424639 0.088819 0.221243
2 0.273395 0.554853 0.183473 0.488252
2 0.654946 0.358829 0.051129 0.110567
2 0.523303 0.410315 0.053658 0.174167
2 0.753605 0.363200 0.049276 0.117796
0 0.686266 0.552317 0.077687 0.282698