0 0.429140 0.727113 0.242020 0.513513
2 0.956455 0.635136 0.039971 0.172838
2 0.055277 0.621040 0.045834 0.217685
2 0.738046 0.598324 0.045627 0.170636
2 0.596327 0.628460 0.024966 0.138207
2 0.147487 0.635875 0.025702 0.119368
2 0.226835 0.631291 0.025370 0.113475
2 0.618205 0.623362 0.034777 0.152214
2 0.706011 0.608130 0.037443 0.130962
2 0.199519 0.639047 0.024252 0.119404
2 0.405237 0.511543 0.250845 0.684494
2 0.115500 0.636180 0.027979 0.120935
2 0.110008 0.638141 0.030014 0.116857
2 0.438354 0.578874 0.222706 0.532142
2 0.547382 0.622811 0.033166 0.102705