0 0.830552 0.641623 0.338337 0.716755
0 0.438147 0.679130 0.480359 0.641740
0 0.136061 0.603863 0.272063 0.517974
2 0.904508 0.445583 0.190401 0.822100
2 0.795607 0.180972 0.122468 0.170598
2 0.298050 0.232327 0.081512 0.296604
2 0.503796 0.417187 0.272811 0.668883
2 0.112166 0.244490 0.064445 0.235003
2 0.550179 0.191726 0.064569 0.132332
2 0.240042 0.329283 0.163352 0.340559
2 0.177053 0.282516 0.129666 0.290156
2 0.053043 0.276524 0.063433 0.214607
2 0.975969 0.167015 0.047553 0.168236
0 0.748977 0.402454 0.130040 0.328437
2 0.906214 0.222979 0.185347 0.375292
2 0.506318 0.288704 0.275216 0.417766