2 0.442306 0.424334 0.299422 0.834382
2 0.075808 0.365787 0.151617 0.715578
2 0.766446 0.303735 0.155483 0.581864
0 0.094679 0.550796 0.189344 0.596061
0 0.432754 0.669506 0.303432 0.642025
0 0.747741 0.463731 0.189212 0.592506
2 0.837969 0.302656 0.099708 0.573918
2 0.645279 0.116697 0.142939 0.228401
0 0.626578 0.428590 0.103209 0.470382
0 0.778401 0.461349 0.273869 0.594684
2 0.643284 0.237890 0.142224 0.473457
0 0.949339 0.234835 0.100259 0.395983
2 0.909851 0.091943 0.058346 0.177720
2 0.167970 0.200729 0.032869 0.051674
2 0.831608 0.244235 0.078791 0.431961