2 0.918204 0.752536 0.163246 0.472868
2 0.635005 0.473347 0.189886 0.365645
0 0.182985 0.801896 0.194712 0.393748
2 0.654910 0.668564 0.236218 0.359819
0 0.072985 0.709107 0.132705 0.378447
2 0.827408 0.568934 0.094658 0.144266
2 0.195679 0.624617 0.151279 0.304889
2 0.402630 0.732669 0.246082 0.521955
2 0.835297 0.733705 0.200948 0.491478
2 0.511105 0.572023 0.110369 0.330111
2 0.463590 0.604732 0.091939 0.274387
2 0.412156 0.672116 0.204124 0.396626
2 0.772620 0.513553 0.061076 0.194405
2 0.082444 0.510383 0.103536 0.194738
0 0.630890 0.909695 0.205163 0.176016
2 0.821849 0.714599 0.106171 0.449798
0 0.917254 0.918432 0.162976 0.161056
2 0.197529 0.714936 0.157600 0.489401
2 0.165232 0.447330 0.063378 0.156717
0 0.609978 0.881397 0.252026 0.231712
2 0.765774 0.500616 0.048939 0.170533
2 0.125584 0.468854 0.064697 0.153867