2 0.695942 0.674674 0.230095 0.592183
2 0.918576 0.649503 0.161504 0.564953
0 0.172556 0.743011 0.260617 0.496136
2 0.105458 0.465389 0.131048 0.306438
0 0.223226 0.468435 0.122557 0.202807
0 0.466307 0.751871 0.198847 0.468283
0 0.379049 0.475634 0.142127 0.272912
2 0.487901 0.544755 0.164057 0.378852
0 0.356679 0.477061 0.096373 0.267215
2 0.489339 0.493090 0.154377 0.271882
0 0.049632 0.612665 0.097713 0.446291
0 0.689345 0.790144 0.209509 0.405122
2 0.200514 0.367928 0.073202 0.096461
2 0.844981 0.537184 0.111177 0.334941
0 0.909879 0.775880 0.179728 0.428209
2 0.546200 0.419038 0.062476 0.166990
2 0.845676 0.451940 0.110633 0.163597