0 0.858280 0.625622 0.278321 0.445758
2 0.416283 0.465484 0.176780 0.578287
0 0.412862 0.611540 0.243806 0.475446
2 0.612211 0.436729 0.093049 0.365158
0 0.610009 0.535615 0.214211 0.304497
2 0.307346 0.431159 0.098024 0.400450
2 0.841085 0.490997 0.136046 0.514229
2 0.987323 0.439045 0.024812 0.188342
2 0.201124 0.331816 0.054272 0.084377
2 0.493058 0.334148 0.034154 0.096136
2 0.769558 0.375545 0.076247 0.286157
2 0.808456 0.491620 0.114585 0.511219
2 0.462704 0.303224 0.027468 0.050097
2 0.528943 0.366082 0.052088 0.147310
2 0.528898 0.344599 0.052551 0.099747