2 0.934025 0.666365 0.056932 0.347645
0 0.515615 0.769106 0.117062 0.359388
0 0.606651 0.752855 0.084897 0.285630
0 0.189889 0.767622 0.092665 0.296569
2 0.306045 0.678448 0.125639 0.397935
0 0.305267 0.785016 0.113340 0.343978
2 0.185540 0.647949 0.108426 0.349500
0 0.676847 0.728538 0.077107 0.270512
2 0.118677 0.647859 0.053276 0.313032
0 0.747364 0.741805 0.088541 0.275159
0 0.843070 0.715027 0.094874 0.264770
2 0.749124 0.654775 0.100295 0.315320
2 0.518906 0.672742 0.114826 0.391372
2 0.603384 0.666835 0.086214 0.315710
2 0.853179 0.664806 0.084408 0.286732
2 0.673022 0.569332 0.071851 0.130713
2 0.600410 0.582124 0.076531 0.146296
2 0.750638 0.570087 0.095087 0.146788
2 0.813246 0.580835 0.035689 0.093766
2 0.524995 0.570187 0.103111 0.191925