0 0.799322 0.634611 0.400516 0.452165
0 0.215843 0.497363 0.232972 0.293598
2 0.816231 0.532771 0.167313 0.384315
0 0.520317 0.494844 0.237083 0.269960
2 0.397465 0.400661 0.046417 0.234387
2 0.726166 0.412675 0.067144 0.263196
2 0.521040 0.444600 0.075307 0.277764
2 0.914026 0.362709 0.061259 0.126782
0 0.062595 0.425077 0.108033 0.169240
2 0.952079 0.378452 0.051802 0.153339
0 0.302528 0.460559 0.134397 0.198827
2 0.984898 0.375185 0.029609 0.151028
0 0.322943 0.465068 0.095206 0.189236
2 0.205627 0.431787 0.078751 0.325279
2 0.619745 0.364185 0.043208 0.155297
2 0.937959 0.381925 0.081359 0.161040