2 0.845554 0.634827 0.215713 0.674901
2 0.665017 0.533810 0.199166 0.578125
2 0.350583 0.496830 0.179965 0.559726
2 0.086246 0.567793 0.172491 0.555805
0 0.494048 0.793548 0.308054 0.396407
0 0.080523 0.746063 0.159361 0.474558
0 0.204517 0.580456 0.119112 0.365709
2 0.202742 0.422647 0.156122 0.483878
0 0.840878 0.779216 0.191329 0.423631
2 0.455090 0.325198 0.154026 0.305368
2 0.115320 0.260494 0.105166 0.243751
0 0.359672 0.669615 0.145243 0.457087
0 0.665050 0.720736 0.170702 0.449089
2 0.544863 0.313991 0.131595 0.404638
2 0.937889 0.345886 0.123756 0.359383
2 0.744184 0.340011 0.109561 0.327758
2 0.220249 0.185976 0.124992 0.280605
2 0.748835 0.193069 0.124320 0.219203
0 0.852618 0.788075 0.114266 0.407175
2 0.496994 0.534867 0.195690 0.288731
2 0.514798 0.612227 0.232973 0.438948
0 0.959277 0.574164 0.077975 0.369484
0 0.358663 0.683351 0.097538 0.426989
2 0.660319 0.166751 0.096906 0.201731
2 0.046399 0.223137 0.092798 0.328712