2 0.385577 0.502909 0.238654 0.540666
0 0.395684 0.611541 0.537197 0.425189
2 0.597104 0.422618 0.098075 0.324230
2 0.919495 0.468014 0.098022 0.367164
2 0.212471 0.370273 0.085288 0.317430
2 0.143620 0.435851 0.082844 0.449214
0 0.930672 0.549108 0.137898 0.191969
0 0.703494 0.448280 0.124376 0.170978
2 0.864711 0.380220 0.053033 0.183438
2 0.127446 0.432140 0.104191 0.440969
0 0.832758 0.512125 0.112489 0.165145
0 0.889431 0.523957 0.220813 0.212431
0 0.722258 0.449374 0.090916 0.169165
2 0.427450 0.348767 0.091951 0.113478