2 0.405924 0.523426 0.239722 0.931466
2 0.815688 0.557401 0.209004 0.858949
0 0.597290 0.705625 0.305835 0.566998
2 0.070564 0.522873 0.141114 0.609369
2 0.183831 0.393801 0.166984 0.419144
0 0.183226 0.473481 0.167847 0.385434
0 0.068762 0.626605 0.137218 0.505482
2 0.978986 0.659906 0.041494 0.657960
2 0.120137 0.253223 0.057179 0.233649
2 0.515417 0.265113 0.064189 0.281000
2 0.725629 0.279629 0.036078 0.208999
2 0.637091 0.578770 0.278287 0.717750
2 0.884393 0.238699 0.072343 0.162500
2 0.597946 0.395276 0.176253 0.346885
2 0.310350 0.350342 0.074647 0.421167