2 0.799758 0.517566 0.346064 0.932793
2 0.409120 0.529524 0.290677 0.922008
0 0.420970 0.663459 0.285495 0.657206
2 0.494662 0.193990 0.151392 0.319874
0 0.799712 0.608684 0.342411 0.765384
2 0.603541 0.230993 0.075617 0.288489
0 0.114829 0.508256 0.106453 0.412684
2 0.254548 0.503736 0.122281 0.884698
0 0.656160 0.572761 0.205033 0.658957
2 0.652203 0.392633 0.189510 0.631107
2 0.113996 0.331584 0.126557 0.515485
2 0.832827 0.234455 0.274757 0.365090
2 0.602268 0.292056 0.077620 0.412263
2 0.180487 0.372773 0.073201 0.608329
2 0.600932 0.371608 0.082553 0.578287
2 0.314720 0.523536 0.108753 0.911563
2 0.495289 0.266714 0.149306 0.460301
0 0.961258 0.719107 0.076558 0.401645
2 0.215042 0.169862 0.053923 0.196057