2 0.881379 0.653549 0.065933 0.214276
2 0.082953 0.770449 0.084768 0.326180
2 0.490698 0.695994 0.077794 0.276888
2 0.343304 0.731742 0.085808 0.279513
2 0.797510 0.563719 0.036039 0.156360
2 0.018511 0.713106 0.037013 0.276176
2 0.579014 0.570987 0.037657 0.150468
2 0.228425 0.754929 0.069581 0.294219
2 0.382566 0.619439 0.053613 0.206142
2 0.705612 0.496091 0.027090 0.107949
2 0.766285 0.527808 0.028305 0.112198
2 0.265069 0.658705 0.057699 0.175397
2 0.291163 0.556724 0.033690 0.137988
2 0.662848 0.504657 0.023416 0.094156
2 0.622510 0.552421 0.030810 0.114182
2 0.744256 0.511736 0.022219 0.095136
2 0.448314 0.578690 0.031238 0.144424
2 0.525336 0.571388 0.035748 0.118714