2 0.729909 0.541392 0.247142 0.558736
2 0.174463 0.543401 0.245365 0.598338
2 0.472886 0.554171 0.259478 0.617111
0 0.880637 0.612100 0.168551 0.411863
0 0.482595 0.592852 0.236313 0.553023
0 0.742273 0.600145 0.212693 0.504336
0 0.184305 0.615753 0.231331 0.474365
2 0.407559 0.259983 0.059602 0.196848
2 0.876983 0.467312 0.177181 0.446179
2 0.314650 0.262964 0.133056 0.188729
2 0.765706 0.290103 0.058594 0.153192
2 0.683104 0.317608 0.102305 0.207321
2 0.640782 0.249809 0.049910 0.138421
0 0.337889 0.592396 0.156686 0.484950
2 0.580828 0.266158 0.130269 0.209719
2 0.582462 0.331928 0.137121 0.344111
0 0.598580 0.477361 0.109448 0.333662
2 0.696737 0.306514 0.075958 0.180324
2 0.366074 0.335802 0.112023 0.203018
2 0.365755 0.469227 0.113356 0.462879
2 0.474460 0.345107 0.192651 0.200571
2 0.096845 0.538931 0.069913 0.388810