2 0.922525 0.780046 0.154371 0.439232
2 0.706561 0.783425 0.183124 0.429507
2 0.153408 0.678824 0.069050 0.231254
2 0.037940 0.740579 0.075880 0.418864
2 0.222487 0.678628 0.076292 0.251174
2 0.622249 0.687368 0.056623 0.272342
2 0.500965 0.708791 0.083143 0.254122
2 0.571884 0.657778 0.041837 0.175874
2 0.372381 0.649800 0.059294 0.206779
2 0.893056 0.658850 0.086032 0.213769
2 0.440908 0.659811 0.059974 0.229162
2 0.821557 0.653963 0.053670 0.177070
2 0.700163 0.601551 0.032991 0.080113
2 0.537768 0.647158 0.038164 0.181395
2 0.870114 0.633104 0.045719 0.152187
2 0.276600 0.744176 0.079305 0.302591
2 0.775787 0.615256 0.055412 0.127125
2 0.338349 0.640490 0.039981 0.168686
2 0.667557 0.619528 0.051018 0.116993
2 0.338618 0.622765 0.036973 0.125590