0 0.831065 0.641579 0.337067 0.716202
0 0.439292 0.679240 0.485675 0.641521
2 0.906276 0.451724 0.187035 0.831300
2 0.110321 0.244010 0.067984 0.235290
2 0.294209 0.205179 0.075555 0.240484
0 0.137110 0.602571 0.273846 0.525222
2 0.492436 0.448557 0.282302 0.734113
2 0.798756 0.179596 0.115027 0.168325
2 0.051088 0.270627 0.059653 0.199333
2 0.550188 0.191834 0.064201 0.133190
2 0.176306 0.289804 0.129932 0.303066
0 0.749633 0.401536 0.133188 0.325571
2 0.976824 0.166251 0.045834 0.167443
2 0.239914 0.325568 0.165455 0.333411
2 0.213071 0.415571 0.218305 0.535232
2 0.907755 0.236103 0.183057 0.401928