0 0.871900 0.676506 0.254881 0.626242
0 0.678643 0.682794 0.216694 0.608399
2 0.679298 0.325370 0.158376 0.287598
2 0.886405 0.329968 0.226605 0.398823
0 0.483180 0.582975 0.109855 0.379104
2 0.515418 0.362291 0.061237 0.154580
2 0.456503 0.401057 0.088240 0.188535
0 0.529844 0.624809 0.200627 0.503309
2 0.680697 0.535747 0.207184 0.708146
2 0.878092 0.540456 0.243817 0.820003
0 0.398543 0.592690 0.100351 0.282060
0 0.512058 0.580056 0.174009 0.396432
2 0.381631 0.503942 0.097345 0.315956
0 0.081245 0.525709 0.029126 0.084443
0 0.288785 0.535243 0.056781 0.184861
2 0.270035 0.473879 0.069916 0.193569
0 0.318245 0.545309 0.054224 0.195208