2 0.352276 0.684114 0.166163 0.614245
2 0.640387 0.664649 0.163215 0.630129
2 0.158818 0.601609 0.163159 0.472477
0 0.663245 0.727203 0.371573 0.522988
0 0.133779 0.719548 0.218474 0.510420
2 0.832267 0.527016 0.131378 0.456552
2 0.262917 0.302215 0.062079 0.195304
2 0.125461 0.267340 0.062170 0.093666
0 0.473570 0.606705 0.143316 0.317086
2 0.039873 0.266933 0.054968 0.108733
2 0.776122 0.226610 0.042622 0.117697
2 0.595511 0.203469 0.047715 0.077121
2 0.811354 0.193397 0.052887 0.100056
2 0.324579 0.308949 0.075969 0.159965
2 0.472017 0.413416 0.127073 0.190727
2 0.731853 0.225029 0.052217 0.106949
2 0.534670 0.210652 0.048401 0.071792
2 0.473198 0.530482 0.134569 0.419880
2 0.917880 0.166124 0.044532 0.089543
2 0.561153 0.204125 0.035876 0.068943
2 0.889908 0.181596 0.047649 0.078075
2 0.978255 0.160142 0.041967 0.075163
2 0.485026 0.223069 0.050105 0.061702
2 0.073312 0.244187 0.048844 0.121189
2 0.630117 0.195355 0.045118 0.075370
2 0.864126 0.177230 0.040781 0.091631
2 0.079690 0.294953 0.035667 0.046530