2 0.678191 0.516029 0.310444 0.940808
2 0.446879 0.519059 0.187486 0.944040
2 0.084550 0.303537 0.167873 0.275409
2 0.886364 0.379159 0.131986 0.536339
0 0.099984 0.686852 0.199170 0.589907
2 0.445868 0.294695 0.179759 0.501232
2 0.354774 0.524649 0.329126 0.949482
2 0.958191 0.206635 0.082761 0.204097
0 0.283060 0.698731 0.274460 0.598268
2 0.158005 0.280211 0.113009 0.244881
0 0.958409 0.495355 0.082557 0.379143
0 0.855758 0.538464 0.201391 0.474543
2 0.956755 0.361577 0.086158 0.511124
2 0.534563 0.253005 0.063725 0.155375
2 0.876151 0.228340 0.098173 0.233127
2 0.410123 0.566921 0.220571 0.866158