2 0.501637 0.392141 0.144990 0.571235
2 0.815093 0.272416 0.110366 0.415162
2 0.742137 0.262913 0.078241 0.425187
2 0.129194 0.252888 0.061435 0.270995
2 0.671003 0.244151 0.073293 0.321342
2 0.219012 0.378138 0.121773 0.553084
2 0.179111 0.210041 0.048387 0.245907
2 0.340099 0.473880 0.167615 0.775875
2 0.854151 0.225491 0.065677 0.334508
2 0.339918 0.347214 0.164772 0.522143
2 0.385279 0.114688 0.041641 0.108061
2 0.612978 0.213682 0.047643 0.258506
2 0.568286 0.270484 0.072812 0.381919
2 0.422898 0.206320 0.074968 0.216393
2 0.218705 0.228696 0.111557 0.237520
2 0.422464 0.304967 0.076399 0.416471
2 0.560713 0.168002 0.058596 0.167804
2 0.612729 0.151736 0.045447 0.138715