2 0.826128 0.521795 0.169359 0.619084
2 0.333190 0.335354 0.093527 0.291722
2 0.541422 0.500580 0.132991 0.476827
2 0.691504 0.290312 0.065031 0.284667
2 0.154745 0.320891 0.102972 0.311865
2 0.478486 0.354365 0.077184 0.316445
2 0.432240 0.237142 0.057545 0.193325
2 0.796314 0.297725 0.062484 0.161814
2 0.074973 0.224334 0.049413 0.195905
2 0.516898 0.211211 0.051235 0.154876
2 0.028067 0.204058 0.047253 0.166804
2 0.372920 0.191162 0.035055 0.144757
2 0.229538 0.234097 0.056541 0.182350
0 0.220389 0.293741 0.035136 0.132860
2 0.191793 0.216738 0.045152 0.136956
2 0.114569 0.174731 0.032779 0.130695
2 0.192790 0.302757 0.046553 0.309819