2 0.168459 0.477618 0.334619 0.829258
2 0.784209 0.411958 0.269368 0.563929
2 0.618179 0.365160 0.166981 0.468379
2 0.383834 0.366967 0.171206 0.553199
0 0.158537 0.609851 0.312946 0.728071
0 0.823600 0.632970 0.311594 0.543747
2 0.273351 0.205709 0.091689 0.184077
0 0.390715 0.496065 0.182645 0.408884
2 0.504661 0.308561 0.111445 0.344948
0 0.634819 0.451706 0.176594 0.353753
2 0.275954 0.296639 0.098659 0.371729
0 0.422359 0.493299 0.231212 0.430396
2 0.130921 0.216031 0.245850 0.292878
0 0.512045 0.410308 0.110644 0.311928