2 0.624081 0.324111 0.135888 0.483373
0 0.826431 0.577226 0.193281 0.593773
2 0.096932 0.266229 0.145342 0.486458
0 0.083352 0.391121 0.131362 0.415776
0 0.297912 0.411348 0.160577 0.502803
2 0.818572 0.377151 0.154393 0.487273
0 0.950428 0.437828 0.098357 0.294205
0 0.469877 0.438373 0.156823 0.541506
0 0.624734 0.465338 0.133353 0.476571
2 0.302611 0.285457 0.146796 0.498919
2 0.917456 0.337873 0.067453 0.356381
2 0.137858 0.226835 0.059604 0.412253
0 0.711567 0.313922 0.047985 0.181405
2 0.972977 0.358017 0.053276 0.343007
2 0.923311 0.239730 0.052509 0.163647
2 0.890045 0.234106 0.047570 0.133708
2 0.461697 0.295860 0.140825 0.476480
2 0.552344 0.186504 0.058569 0.173620
2 0.776406 0.233587 0.040757 0.182987
2 0.715078 0.261886 0.051296 0.230908