2 0.091482 0.505722 0.083106 0.314647
2 0.652725 0.549579 0.127083 0.382399
2 0.243366 0.533909 0.122847 0.314350
2 0.440433 0.547880 0.093180 0.300345
2 0.931977 0.534826 0.128850 0.317295
2 0.501422 0.520749 0.078465 0.299787
2 0.548144 0.497403 0.056530 0.271822
2 0.738201 0.512855 0.080214 0.256263
2 0.802592 0.470032 0.020601 0.102381
2 0.986235 0.494862 0.026656 0.169651
2 0.762158 0.510080 0.054050 0.237710
2 0.293887 0.491674 0.067442 0.273486
2 0.390416 0.461763 0.036302 0.146134
2 0.771344 0.507796 0.050782 0.216856
2 0.294742 0.427306 0.063617 0.144956
2 0.344029 0.456092 0.021033 0.095333